# config
dataset_names <- c(
    "gse31210",
    "gse8894",
    "gse30219",
    "gse37745",
    "gse50081"
)
stica_alphas <- c( 0, 0.25, 0.5, 0.75, 1 )
matfact_k <- 20
